HRPT, NdNi4MgDx_V_HI,a4=3.0,N18
lambda=  1.49400, T=   0.000, dT=  0.000, Date=2001-06-16 06:25:59
   2.948   0.050 162.898 18000000., sample="NdNi4MgDx_V10mm_HI,a4=3.0,N18"
   7444.   7639.   7731.   7762.   7479.   7818.   7720.   7861.   7945.   8090.
   7844.   7970.   7788.   7885.   7675.   7892.   7565.   7770.   7515.   7767.
   7436.   7750.   7305.   7442.   7348.   7437.   7084.   7084.   6966.   7173.
   7152.   7317.   7123.   7048.   7013.   7225.   7024.   7118.   7050.   7137.
   6891.   7109.   6805.   7005.   6894.   6960.   6714.   6901.   6686.   6936.
   6574.   6843.   6922.   7041.   6732.   6746.   6554.   6710.   6630.   6662.
   6539.   6667.   6581.   6779.   6596.   6776.   6475.   6568.   6442.   6749.
   6472.   6715.   6517.   6534.   6384.   6573.   6413.   6559.   6412.   6433.
   6373.   6493.   6243.   6274.   6322.   6421.   6418.   6509.   6273.   6508.
   6517.   6533.   6607.   6583.   6293.   6565.   6500.   6579.   6728.   6658.
   6580.   6622.   6511.   6736.   6557.   6522.   6658.   6476.   6641.   6606.
   6625.   6628.   6409.   6478.   6538.   6467.   6462.   6428.   6505.   6587.
   6379.   6434.   6512.   6440.   6275.   6383.   6483.   6691.   6233.   6315.
   6206.   6165.   6169.   6210.   6022.   6164.   6000.   6197.   6302.   6151.
   6136.   6417.   5945.   6121.   5943.   6171.   6127.   6244.   6068.   6144.
   6194.   6251.   6012.   6145.   5996.   6120.   6211.   6121.   5877.   6201.
   6006.   6074.   5876.   5985.   5931.   5958.   5972.   5884.   5785.   6076.
   5988.   6119.   5959.   6007.   5941.   5936.   6017.   6210.   5900.   6085.
   5991.   6011.   6060.   5993.   6002.   6039.   6012.   6086.   5992.   6210.
   6045.   6088.   5882.   6063.   6030.   6149.   5920.   6025.   5802.   6015.
   6134.   6035.   5837.   6012.   6039.   5925.   5991.   6025.   5969.   6045.
   5900.   5914.   5832.   6032.   5859.   5936.   5937.   5911.   5779.   6013.
   5841.   5993.   6008.   5903.   6145.   6223.   6133.   6205.   6104.   6077.
   6103.   6086.   6324.   6248.   6152.   6201.   6109.   6179.   6089.   6231.
   6064.   6208.   6201.   6265.   6555.   6468.   6433.   6471.   6604.   6591.
   6688.   6723.   6631.   6760.   6667.   6533.   5966.   6138.   5996.   5950.
   5746.   5863.   5863.   5907.   5776.   5828.   5826.   5953.   5792.   5830.
   5775.   5785.   5770.   5925.   5706.   5844.   5753.   5829.   5610.   5850.
   5682.   5864.   5576.   5860.   5856.   5741.   5743.   5837.   5644.   5836.
   5774.   5851.   5884.   5885.   5776.   5955.   5718.   5780.   5648.   5868.
   5728.   5850.   5722.   5844.   5834.   5720.   5864.   6047.   5889.   6102.
   6076.   6255.   6084.   6158.   6392.   6569.   6125.   6489.   6725.   7163.
   7377.   7921.   7948.   8722.   9420.  10183.  10564.  11246.  11287.  11763.
  11182.  11113.  10276.   9827.   9193.   8910.   8454.   8603.   8719.   9050.
   9816.  10487.  11171.  12363.  13412.  14657.  16094.  16961.  17601.  17738.
  16702.  15880.  14647.  12837.  10922.   9596.   8647.   7868.   7311.   6987.
   6865.   6679.   6508.   6467.   6198.   6152.   6223.   6230.   6301.   6249.
   6279.   6226.   6148.   6213.   6040.   6210.   5953.   6282.   6032.   6101.
   6073.   6075.   6072.   6226.   5681.   5900.   5585.   5852.   5663.   5735.
   5818.   5843.   5840.   5967.   5975.   6003.   5857.   6031.   6258.   6237.
   6116.   6249.   6086.   6384.   6211.   6321.   6132.   6160.   5995.   5896.
   5862.   5963.   5904.   5821.   5753.   5802.   5727.   5771.   5799.   5814.
   5563.   5730.   5582.   5691.   5789.   5798.   5598.   5763.   5635.   5754.
   5714.   5856.   5536.   5732.   5623.   5813.   5629.   5840.   5618.   5690.
   5531.   5781.   5712.   5642.   5859.   5768.   5730.   5930.   5690.   5843.
   5736.   5987.   5859.   5948.   5927.   6104.   6105.   6028.   6032.   6159.
   5970.   6025.   5900.   5948.   5814.   5929.   5714.   5843.   5780.   5749.
   5742.   5844.   5812.   5763.   5619.   5738.   5857.   5983.   5993.   5939.
   5983.   6024.   6006.   5985.   5886.   6039.   6068.   5971.   6004.   6103.
   6057.   6083.   6085.   6202.   6246.   6253.   6469.   6569.   6868.   6945.
   6912.   7084.   7338.   7341.   7195.   6956.   6851.   6761.   6608.   6455.
   6342.   6388.   5856.   5776.   5645.   5807.   5746.   5775.   5844.   5889.
   5706.   5710.   5792.   5872.   5876.   5856.   5719.   5801.   5776.   5821.
   5563.   5782.   5748.   5850.   5589.   5834.   5790.   5809.   5813.   5744.
   5690.   5770.   5801.   5659.   5764.   5739.   5748.   5876.   5703.   5849.
   5652.   5823.   5732.   5830.   5669.   5812.   5832.   5711.   5644.   5846.
   5894.   5953.   5828.   5972.   5771.   5770.   5889.   5846.   5798.   5910.
   5670.   5861.   5868.   5899.   5924.   6071.   5995.   6056.   5848.   6056.
   5905.   5976.   5887.   6114.   5941.   5962.   5772.   5885.   6003.   5912.
   5996.   6271.   6210.   6559.   6594.   6899.   7016.   7338.   7432.   7884.
   7697.   7881.   7579.   7335.   7196.   7075.   7170.   7119.   7271.   7366.
   7381.   7622.   7841.   8058.   8288.   8415.   8475.   8354.   8366.   8421.
   8229.   8422.   8204.   8082.   7873.   7850.   7619.   7464.   7348.   7386.
   7328.   7256.   7258.   7466.   7150.   7368.   7280.   7084.   7039.   7156.
   6490.   6637.   6278.   6246.   6073.   6354.   6222.   6233.   6235.   6302.
   6505.   6767.   6628.   7079.   7375.   7924.   8148.   8852.   9317.   9475.
   9328.   9499.   8650.   8709.   8032.   7759.   7233.   7028.   6660.   6486.
   6400.   6540.   6211.   6376.   6408.   6387.   6309.   6243.   6238.   6334.
   6372.   6451.   6518.   6759.   6689.   6975.   7141.   7675.   8199.   8875.
   9660.  11151.  12296.  14107.  15272.  17223.  18373.  19652.  19715.  20510.
  19538.  18774.  16558.  15508.  14055.  13271.  12660.  12785.  13256.  14404.
  15230.  17119.  19250.  21123.  22204.  23367.  22685.  22514.  20936.  20158.
  19132.  18719.  18496.  19596.  21504.  24122.  27689.  31690.  35933.  40620.
  42792.  45712.  44999.  43862.  40934.  36334.  30461.  25764.  20969.  17650.
  15263.  13474.  12285.  11738.  11075.  10842.  10860.  10898.  11104.  11329.
  11429.  11607.  11555.  11361.  11428.  11650.  11668.  12260.  12307.  12938.
  12969.  13253.  13447.  13761.  13755.  14138.  15072.  15622.  15991.  17905.
  19352.  22155.  24131.  26272.  26490.  26650.  24347.  22657.  19060.  16420.
  13678.  12208.  10483.   9874.   9323.   9240.   9091.   9319.   9277.   9450.
   9195.   9570.   9067.   9253.   8743.   8404.   8139.   8338.   8146.   8100.
   7828.   8141.   7926.   8246.   8104.   8366.   8458.   8536.   7989.   8194.
   7849.   8073.   7551.   7509.   7200.   7489.   7166.   7329.   7238.   7042.
   7122.   7325.   7306.   7581.   7598.   7919.   7986.   8399.   8679.   9247.
   9659.  10456.  10791.  11496.  11786.  12727.  12448.  12641.  12113.  11798.
  10891.   9989.   9010.   8473.   7931.   7646.   6934.   7054.   6805.   6782.
   6679.   6706.   6445.   6707.   6473.   6399.   6327.   6366.   6520.   6529.
   6231.   6451.   6519.   6564.   6547.   6529.   6497.   6632.   6815.   6754.
   6706.   6729.   6788.   6750.   6759.   6824.   6895.   6868.   7228.   7379.
   7515.   7931.   8054.   8345.   8355.   8299.   8491.   8302.   8108.   8081.
   8089.   8113.   8068.   8092.   8016.   8093.   7848.   7973.   7870.   8033.
   8128.   8269.   7544.   7695.   7384.   7483.   6946.   6936.   6689.   6716.
   6298.   6377.   6301.   6320.   6233.   6332.   6138.   6175.   6184.   6163.
   6170.   6156.   6028.   6322.   6075.   6309.   6252.   6261.   6184.   6440.
   6311.   6597.   6453.   6781.   6671.   6645.   6579.   6516.   6615.   6459.
   6460.   6606.   6664.   7069.   6873.   7284.   7410.   7780.   7687.   7910.
   7615.   7754.   7192.   7256.   6981.   7121.   6625.   6689.   6686.   6815.
   6755.   7096.   7145.   7456.   7722.   8023.   7934.   8087.   8006.   7837.
   7311.   7237.   6897.   6832.   6499.   6406.   6194.   6288.   6168.   6294.
   6022.   6232.   6164.   6468.   6496.   6852.   6887.   7223.   7396.   7774.
   8430.   8697.   8955.   9045.   9164.   9125.   8598.   8626.   8439.   8379.
   8054.   8066.   7808.   7739.   7802.   7652.   7816.   7960.   7947.   8321.
   8242.   8492.   8902.   9219.   9288.   9355.   9300.   9319.   9305.   9399.
   9773.  10047.  10343.  10721.  10366.  10185.   9709.   9529.   8834.   8363.
   7556.   7484.   6931.   6866.   6639.   6588.   6367.   6435.   6308.   6456.
   6276.   6256.   6077.   6154.   6035.   6077.   5855.   6004.   6015.   6024.
   5894.   5887.   6014.   5975.   5856.   6025.   5719.   5775.   5719.   6024.
   5860.   5840.   5995.   5793.   5728.   5914.   5829.   6105.   5883.   6079.
   5965.   6057.   6028.   6244.   6107.   6316.   6138.   6432.   6695.   6938.
   6837.   7321.   7206.   7553.   7371.   7407.   7277.   7184.   7119.   6902.
   6568.   6569.   6469.   6564.   6317.   6419.   6329.   6356.   6260.   6447.
   6589.   6843.   6849.   6996.   6939.   7131.   7249.   7213.   6909.   7038.
   6880.   6965.   6838.   6657.   6444.   6528.   6452.   6648.   6897.   6845.
   6815.   6812.   6792.   6760.   6640.   6650.   6614.   6708.   6760.   6614.
   6659.   6991.   6970.   7109.   7401.   7803.   7823.   8391.   8760.   9046.
   9461.   9834.  10197.  10573.  11493.  11613.  11937.  12011.  12309.  12120.
  11725.  11370.  10232.   9769.   9371.   9260.   9044.   9171.   9101.   9665.
   9967.  10403.  10317.  10691.  10844.  10847.  10828.  10973.  11042.  12052.
  12417.  13434.  13507.  14336.  14636.  15009.  14467.  14239.  13448.  12918.
  12251.  11867.  11283.  11336.  10829.  11055.  10925.  10974.  10714.  10829.
  10069.   9953.   9568.   9382.   9189.   9552.   9232.   9788.  10042.  10545.
  10876.  11067.  11237.  11918.  12133.  12588.  12778.  13535.  13396.  14045.
  14323.  14721.  14282.  14623.  13711.  13373.  12153.  11709.  10712.  10023.
   9271.   9039.   8424.   8130.   7736.   7873.   7860.   8026.   8058.   8316.
   8328.   8651.   8521.   8932.   8577.   8371.   7983.   7879.   7647.   7475.
   7294.   7242.   7046.   7155.   7064.   7301.   7599.   7622.   7722.   8005.
   8329.   8521.   9014.   9359.   9889.  10329.  10914.  11467.  11387.  11894.
  11843.  11680.  11363.  10973.  10375.  10099.   9609.   9406.   9182.   9091.
   8626.   8771.   8872.   9037.   9221.   9415.   9658.   9789.   9892.  10106.
   9603.  10039.  10046.  10247.   9855.   9878.   9603.   9522.   8994.   8969.
   8670.   8307.   7917.   7842.   7466.   7455.   7346.   7298.   7012.   7231.
   6896.   7078.   6941.   7290.   7118.   7180.   7175.   7453.   7356.   7638.
   7626.   8016.   7959.   8280.   8403.   9206.   9499.  10534.  11460.  13051.
  15255.  17796.  20468.  24024.  26843.  29947.  31576.  33346.  32735.  31895.
  28931.  26397.  22930.  20802.  17936.  16796.  14906.  14207.  13222.  12922.
  12202.  11883.  10827.  10657.  10016.   9866.   9200.   9071.   8665.   8310.
   8214.   8085.   7820.   7672.   7370.   7642.   7378.   7642.   7377.   7399.
   7235.   7516.   7271.   7431.   7405.   7695.   7574.   7962.   8194.   8598.
   9256.   9874.  10473.  11723.  13007.  14426.  15642.  16944.  18156.  18449.
  18616.  17853.  16432.  15159.  13507.  12405.  11429.  10909.  10490.  10426.
  10212.  10278.  10156.  10147.   9841.   9724.   9696.   9456.   9081.   8971.
   8886.   8666.   8577.   8483.   8555.   8751.   9094.   9047.   8541.   9179.
   9086.   9470.   9554.   9696.   9653.   9702.   9276.   9198.   8725.   8789.
   8211.   8165.   7836.   7681.   7221.   7275.   7184.   7217.   6962.   7086.
   6700.   6876.   6622.   6676.   6721.   6785.   6701.   6863.   6624.   6862.
   6842.   6995.   6966.   7142.   7130.   7020.   7153.   7466.   7392.   7440.
   7214.   7267.   7166.   7152.   6886.   7000.   6722.   6657.   6451.   6655.
   6549.   6590.   6455.   6388.   6386.   6558.   6480.   6804.   6475.   6827.
   6596.   6800.   6763.   6696.   6878.   6964.   6984.   7042.   7110.   7366.
   7043.   7429.   7240.   7523.   7663.   8020.   7996.   8539.   8944.   9513.
   9682.  10322.  10341.  10874.  10750.  10683.  10487.  10299.   9867.   9616.
   9116.   9105.   8888.   8482.   8452.   8106.   8061.   8012.   8184.   7810.
   7787.   7884.   7944.   7811.   7844.   7864.   7727.   7765.   7678.   7725.
   7684.   7785.   7594.   7491.   7502.   7553.   7615.   7593.   7777.   7786.
   7820.   7856.   8028.   8042.   8012.   8105.   7593.   8020.   7584.   8000.
   7923.   8412.   8382.   8962.   9001.   9367.   9577.   9546.   9392.   9607.
   8994.   9118.   8822.   8962.   9045.   9207.   9439.  10088.  10329.  11187.
  11276.  12165.  12488.  12789.  12905.  13222.  12724.  12595.  11665.  11395.
  10516.  10373.   9613.   9724.   9165.   8946.   8463.   8474.   8167.   8224.
   7859.   7741.   7664.   7531.   7397.   7471.   7124.   7283.   7151.   7409.
   7029.   7261.   7146.   7340.   7352.   7701.   7471.   7952.   8027.   8570.
   8789.   9292.   9691.  10322.  10735.  11217.  11417.  11859.  11263.  11254.
  10748.  10455.   9782.   9622.   9292.   9332.   8725.   9010.   9106.   9169.
   9192.   9543.   9746.  10141.  10157.  10669.  10571.  10869.  10979.  11549.
  12102.  12762.  13512.  14130.  14910.  15699.  16129.  16635.  16983.  17033.
  16513.  16238.  16112.  15587.  14996.  14978.  14824.  14905.  14847.  14477.
  14142.  13690.  13233.  12750.  12007.  11258.  10693.   9855.   9499.   9169.
   8807.   8517.   8582.   8252.   7822.   7801.   7454.   7797.   7562.   7743.
   7702.   8109.   7963.   8178.   8281.   8529.   8645.   8881.   9074.   9122.
   9199.   9305.   9133.   9286.   8916.   9006.   8665.   8675.   8256.   8536.
   8343.   8522.   8481.   8788.   8828.   9018.   9107.   9123.   9231.   9399.
   8917.   8907.   8658.   8420.   8160.   8206.   7647.   7655.   7440.   7805.
   7313.   7411.   7201.   7424.   7322.   7466.   7361.   7422.   7292.   7688.
   7464.   7649.   7637.   8007.   7809.   8037.   7869.   8237.   8232.   8348.
   8407.   8508.   8172.   8242.   8209.   8256.   7899.   8108.   7985.   8319.
   7823.   8111.   8016.   8119.   7911.   7974.   7708.   7859.   7714.   7831.
   7533.   7763.   7595.   7885.   7655.   7765.   7932.   8164.   8572.   8404.
   8680.   8704.   8428.   8526.   8333.   8258.   8079.   7961.   8067.   7744.
   7577.   7618.   7414.   7360.   7372.   7165.   7168.   7143.   7226.   7095.
   7176.   7079.   7233.   7579.   7386.   7627.   7583.   7568.   8016.   8154.
   8377.   8502.   8059.   8363.   8427.   8611.   8660.   8846.   8648.   8949.
   8761.   8677.   8368.   8556.   8273.   8098.   7898.   8012.   7509.   7507.
   7293.   7202.   7075.   7206.   7005.   7087.   7003.   7222.   6944.   7291.
   7153.   7324.   6924.   7010.   6938.   6879.   6727.   6709.   6669.   6681.
   6588.   6660.   6357.   6546.   6502.   6769.   6405.   6599.   6424.   6577.
   6431.   6744.   6525.   6567.   6787.   6772.   6846.   6990.   6874.   7181.
   7201.   7361.   7379.   7587.   7484.   7823.   7951.   8166.   8168.   8547.
   8526.   8898.   8782.   8964.   9005.   9163.   8835.   8892.   8902.   8759.
   8352.   8508.   7888.   8092.   7614.   7697.   7574.   7739.   7271.   7489.
   7225.   7266.   7104.   7280.   6830.   7032.   7006.   6883.   7045.   6993.
   7006.   6979.   6764.   6860.   6755.   6908.   6795.   6817.   6985.   6872.
   6931.   6925.   6893.   7065.   7168.   7141.   7225.   7297.   7251.   7566.
   7518.   7521.   7524.   7639.   7722.   7779.   7776.   7677.   7615.   7801.
   7438.   7498.   7549.   7726.   7614.   7736.   7914.   7875.   7830.   8007.
   7721.   7888.   7891.   7826.   7850.   7841.   7525.   7772.   7690.   7911.
   7643.   7942.   7673.   7970.   8217.   8419.   8713.   9108.   9042.   9140.
   9215.   9472.   9228.   9439.   9002.   9088.   8854.   8771.   8648.   8610.
   8159.   8297.   8180.   8133.   8111.   8147.   7982.   8035.   7974.   8203.
   8234.   8389.   8262.   8529.   8673.   9096.   9215.   9635.   9946.  10461.
  11181.  11394.  11125.  11409.  10450.  11023.  10738.  10753.  10170.   9970.
   9332.   9514.   8968.   8796.   8229.   8161.   8017.   8117.   7808.   7863.
   7540.   7769.   7566.   7603.   7551.   7843.   7742.   7963.   8162.   8457.
   8332.   8750.   8843.   9215.   9795.   9817.   9988.  10114.  10059.   9996.
  10263.  10024.  10001.   9898.   9796.   9711.   9842.  10000.   9899.  10290.
  10388.  10333.  10568.  10687.  10590.  10753.  10744.  10591.  10268.  10096.
  10119.   9872.   9551.   9431.   9305.   9115.   9008.   8840.   8042.   8139.
   7901.   8081.   7632.   7866.   7770.   7951.   7577.   8166.   7840.   8155.
   8117.   8377.   8460.   8908.   8817.   9204.   9275.   9579.   9678.   9903.
  10011.  10049.   9738.  10007.   9904.   9931.   9565.   9664.   9601.   9352.
   8998.   9173.   9095.   9290.   9041.   9345.   9214.   9472.   9257.   9752.
   9767.  10092.  10121.  10422.  10590.  11038.  10930.  11229.  11004.  11337.
  11181.  10911.  10675.  10677.  10181.  10284.   9788.   9856.   9397.   9289.
   9058.   9028.   8568.   8712.   8377.   8470.   8150.   8276.   7988.   8175.
   7819.   8159.   7839.   8025.   7991.   7944.   7962.   8018.   7903.   8175.
   7709.   8055.   7883.   8070.   7863.   7901.   8085.   8260.   7821.   7921.
   7943.   8044.   8140.   8160.   8427.   8282.   8416.   8399.   8630.   8523.
   8476.   8577.   8421.   8402.   8265.   8265.   8292.   8334.   8027.   8131.
   7897.   7814.   7676.   7647.   7694.   7593.   7417.   7395.   7304.   7383.
   7366.   7459.   7432.   7600.   7634.   7621.   7388.   7607.   7491.   7543.
   7623.   7594.   7655.   7674.   7731.   7837.   7705.   7851.   7431.   7667.
   7447.   7643.   7304.   7437.   7229.   7289.   7097.   7292.   6966.   7012.
   7019.   7172.   6987.   7113.   7051.   7036.   6877.   6989.   6837.   6994.
   6905.   7048.   6960.   6976.   6813.   7012.   6877.   7055.   6913.   6998.
   6841.   6989.   7070.   7223.   6901.   7365.   7223.   7253.   7088.   7364.
   7128.   7367.   7258.   7315.   7113.   7273.   7105.   7306.   7137.   7166.
   7073.   7114.   6931.   6931.   6890.   7081.   6714.   6849.   6803.   7037.
   6981.   7032.   6668.   6929.   6746.   7132.   6918.   6970.   6906.   7058.
   6795.   6938.   6889.   6840.   6765.   6864.   6896.   7025.   6787.   6860.
   6999.   6901.   7026.   7022.   6981.   6744.   6907.   6973.   7036.   6982.
   7141.   7129.   6937.   7084.   7098.   7175.   7188.   7176.   7070.   6944.
   7319.   7353.   7240.   7209.   7306.   7184.   6994.   6995.   7126.   7134.
   7065.   6990.   7287.   7198.   6654.   6782.   6674.   6910.   6782.   7131.
   7091.   7255.   7042.   7271.   7128.   7313.   7136.   7443.   7303.   7388.
   7285.   7393.   7323.   7642.   7420.   7479.   7586.   7677.   7443.   7955.
   7812.   8152.   7990.   8301.   8389.   8868.   8678.   8894.   9086.   9317.
   9211.   9509.   9731.   9975.   9972.  10060.  10132.  10346.  10027.  10160.
  10047.  10153.   9941.  10106.   9687.   9812.   9401.   9296.   9220.   9174.
   8753.   8774.   8623.   8620.   8237.   8406.   8223.   8411.   8085.   8178.
   7975.   8204.   8011.   8055.   7905.   8162.   7810.   8051.   7843.   7909.
   7754.   8126.   7853.   7831.   8141.   8277.   8444.   8347.   8337.   8520.
   8290.   8469.   8336.   8540.   8282.   8196.   8112.   8046.   8308.   8202.
   8049.   7792.   7927.   7656.   7530.   7615.   7500.   7443.   7301.   7420.
   7152.   7347.   7353.   7372.   7369.   7454.   7414.   7517.   7311.   7506.
   7511.   7731.   7575.   7668.   7450.   7632.   7743.   8016.   8046.   8027.
   8575.   8731.   8351.   8611.   8945.   9143.   9270.   9833.   9856.  10214.
  10103.  10514.  10631.  10869.  10754.  11031.  10619.  10865.  10327.  10377.
  10177.   9963.   9531.   9620.   9254.   9371.   9034.   9117.   8868.   9045.
   8832.   8871.   8593.   8991.   8586.   8728.   8676.   8841.   8692.   8674.
   8788.   8597.   8498.   8578.   8212.   8281.   8136.   8210.   7913.   8029.
   8081.   8122.   7880.   8140.   8023.   8153.   8030.   8389.   8235.   8457.
   8535.   8795.   8761.   9348.   9191.   9420.   9382.   9358.   9240.   9177.
   9116.   9181.   8935.   9018.   8744.   8781.   8474.   8558.   8292.   8426.
   8084.   7921.   8125.   8036.   8173.   8291.   8255.   8328.   8168.   8438.
   8381.   8557.   8533.   8701.   8758.   9068.   9544.   9590.   9466.   9684.
  10036.   9927.  10028.   9977.   9999.  10160.  10125.  10034.  10041.   9844.
   9605.   9441.   9389.   9339.   8876.   8717.   8653.   8328.   8356.   8225.
   8190.   7956.   8102.   7900.   8075.   7982.   7791.   7733.   7866.   7973.
   7189.   7457.   7386.   7518.   7276.   7583.   7349.   7383.   7417.   7664.
   7570.   7718.   7741.   7858.   7936.   7849.   7836.   7801.   7748.   7948.
   7730.   7720.   7618.   7844.   7647.   7858.   7676.   7879.   7601.   7965.
   7668.   7818.   7643.   7792.   7758.   7729.   7642.   7828.   7674.   7715.
   7613.   7911.   7501.   7861.   7642.   7991.   7651.   7788.   7710.   8143.
   7929.   8240.   8119.   8309.   8372.   8345.   8140.   8385.   8172.   8474.
   8290.   8509.   8415.   8294.   8211.   8286.   8234.   8357.   8096.   8328.
   8207.   8422.   8234.   8181.   8166.   8286.   8155.   8161.   7822.   8145.
   7827.   8044.   7831.   8049.   7825.   7913.   7822.   8039.   7801.   8041.
   7845.   8088.   7745.   7915.   8042.   8115.   8053.   8081.   8154.   8161.
   8190.   8250.   8328.   8324.   8388.   8370.   8448.   8391.   8369.   8370.
   8425.   8451.   8584.   8357.   8357.   8450.   8465.   8388.   8324.   8317.
   8477.   8200.   8123.   8203.   8158.   8300.   8165.   8227.   7903.   7795.
   7732.   7972.   7730.   7805.   7590.   7552.   7892.   8167.   7583.   7568.
   7346.   7455.   7423.   7678.   7290.   7515.   7288.   7242.   7277.   7421.
   7274.   7288.   7201.   7238.   7128.   7132.   7086.   7298.   7118.   7393.
   7134.   7272.   7193.   7386.   7303.   7384.   7307.   7419.   7427.   7418.
   7383.   7511.   7394.   7613.   7389.   7652.   7470.   7510.   7521.   7667.
   7558.   7710.   7585.   7596.   7515.   7776.   7453.   7544.   7528.   7579.
   7399.   7503.   7546.   7586.   7282.   7587.   7472.   7445.   7337.   7495.
   7161.   7373.   7254.   7230.   7309.   7372.   7187.   7254.   7121.   7187.
   7251.   7229.   7141.   7316.   7159.   7209.   7032.   7233.   7289.   7425.
   7091.   7311.   7366.   7460.   7394.   7416.   7391.   7304.   7390.   7474.
   7479.   7540.   7462.   7546.   7374.   7531.   7810.   7731.   7723.   7787.
   7827.   7704.   7914.   7889.   7954.   7981.   8034.   7996.   7871.   8116.
   8278.   8123.   8147.   8265.   8422.   8248.   7954.   8266.   7950.   8206.
   7920.   8149.   7885.   7965.   7824.   8063.   7987.   8241.   8041.   8304.
   8001.   8221.   7924.   8225.   7997.   8288.   8152.   8233.   7898.   8278.
   8045.   8239.   7968.   8184.   7852.   8046.   7836.   8004.   7955.   8225.
   7923.   8110.   7900.   8023.   7976.   8243.   8102.   8287.   8219.   8376.
   8445.   8752.   8385.   8574.   8594.   8665.   8517.   8934.   8706.   9149.
   9208.   9459.   9389.   9517.   9501.   9524.   9580.   9928.   9640.  10012.
   9710.   9905.   9684.  10232.   9737.  10140.   9947.  10039.   9917.  10155.
   9948.  10021.   9972.  10198.   9762.  10063.   9766.   9948.   9816.   9818.
   9643.   9721.   9652.   9862.   9320.   9730.   9598.   9761.   9595.   9496.
   9606.   9765.   9546.   9408.   9607.   9503.   9351.   9545.   9247.   9110.
   9270.   9051.   9046.   9048.   9313.   9039.   8985.   8985.   8983.   9108.
   8784.   8953.   9035.   9078.   8909.   9011.   9093.   8835.   8921.   8856.
   8871.   8868.   8787.   9034.   8454.   8564.   8293.   8469.   8462.   8316.
   8373.   8453.   8395.   8434.   8373.   8480.   8177.   8355.   8198.   8429.
   8209.   8384.   8076.   8370.   8038.   8484.   8167.   8371.   8123.   8129.
   8083.   8380.   8033.   8200.   8177.   8419.   8179.   8450.   8153.   8545.
   8412.   8468.   8421.   8407.   8249.   8239.   8346.   8611.   8235.   8446.
   8473.   8683.   8638.   8795.   8704.   8876.   8757.   9055.   8526.   8959.
   8907.   8959.   8852.   9077.   8859.   8792.   8976.   9152.   8936.   9110.
   9107.   9136.   9133.   9378.   9163.   9446.   9437.   9576.   9496.   9532.
   9542.   9734.   9648.   9626.   9494.   9826.   9877.  10017.   9999.  10108.
  10149.  10194.  10031.  10652.  10142.  10617.  10189.  10318.  10776.  10864.
  10718.  10683.  10472.  10384.  10629.  10620.  10627.  10648.  10529.  10332.
  10559.  10305.  10365.  10270.  10201.  10239.  10192.  10205.   9806.   9958.
  10000.  10062.   9899.   9834.   9804.   9621.   9384.   9430.   9450.   9489.
   9536.   9419.   8812.   8862.   8767.   8933.   8652.   8824.   8632.   8900.
   8393.   8533.   8310.   8621.   8260.   8452.   8192.   8321.   8258.   8162.
   7988.   8464.   7925.   8104.   8047.   8018.   7807.   8225.   7832.   8059.
   7915.   8172.   7915.   7994.   7730.   7993.   7565.   7816.   7661.   7831.
   7737.   7819.   7654.   7763.   7794.   7918.   7746.   7941.   7662.   7821.
   7638.   7748.   7711.   7688.   7642.   7562.   7791.   7723.   7669.   7743.
   7507.   7866.   7850.   8173.   7566.   8010.   7727.   7960.   7887.   7765.
   7743.   7962.   7963.   8139.   8053.   8208.   8064.   8191.   8357.   8225.
   8085.   8304.   8385.   8635.      0.      0.   8410.   8375.   8571.   8584.
   8506.   8819.   8621.   8985.   8824.   8850.   9143.   8993.   9033.   8883.
   9188.   9208.   9103.   9158.   9308.   9009.   9130.   9056.   9132.   9074.
   9025.   9065.   9126.   9008.   8743.   8931.   8936.   8886.   8839.   8814.
   8642.   8708.   8799.   8820.   8712.   8775.   8824.   8790.   8526.   8561.
    81.5    82.5    90.0    90.1    87.9    89.9    90.4    91.2    91.5    92.4
    91.4    92.1    91.0    91.6    89.3    90.6    88.9    90.1    88.5    90.0
    87.5    89.3    85.8    86.6    85.7    86.3    84.6    84.6    83.3    84.5
    84.4    85.3    85.1    84.7    84.6    85.8    84.4    84.9    85.1    85.6
    83.4    84.8    82.7    83.9    84.4    84.8    82.3    83.5    82.2    83.7
    81.8    83.5    83.4    84.1    82.1    82.2    81.3    82.2    81.3    81.5
    80.4    81.2    81.5    82.8    81.0    82.1    80.4    81.0    80.0    81.9
    80.6    82.1    80.7    80.8    80.0    81.2    80.0    80.9    80.3    80.5
    80.1    80.8    79.3    79.5    80.2    80.8    80.1    80.6    77.9    79.4
    80.3    80.4    81.1    81.0    80.8    82.5    79.5    79.9    81.2    80.8
    80.3    80.6    80.0    81.4    80.5    80.3    81.7    80.6    80.9    80.7
    80.6    80.7    79.1    79.5    80.9    80.4    80.9    80.7    80.8    81.3
    80.5    80.9    81.8    81.3    80.5    81.2    81.6    82.9    79.5    80.0
    80.5    80.2    79.9    80.2    78.5    79.4    78.9    80.2    81.6    80.6
    80.7    82.6    78.4    79.6    78.8    80.3    79.9    80.6    79.9    80.4
    80.0    80.3    78.5    79.4    77.6    78.4    79.0    78.4    76.0    78.1
    80.1    80.5    78.1    78.8    79.0    79.2    78.4    77.8    77.0    78.9
    78.4    79.2    78.1    78.4    77.8    77.8    78.4    79.6    77.2    78.4
    77.8    77.9    78.5    78.1    78.2    78.5    78.3    78.8    77.6    79.0
    77.6    77.9    76.9    78.0    78.4    79.2    77.0    77.7    77.0    78.4
    78.5    77.8    76.1    77.2    78.8    78.1    78.2    78.4    78.2    78.7
    76.5    76.5    76.5    77.8    76.6    77.1    76.6    76.4    76.5    78.0
    76.6    77.6    78.1    77.4    78.6    79.1    79.0    79.4    78.5    78.3
    78.3    78.2    79.8    79.3    77.8    78.1    78.5    79.0    77.5    78.4
    78.4    79.3    78.9    79.3    81.4    80.8    81.9    82.1    82.4    82.3
    83.6    83.9    83.5    84.3    82.4    81.6    76.3    77.3    77.7    77.4
    77.0    77.8    77.9    78.2    77.3    77.7    78.2    79.1    77.7    77.9
    77.7    77.8    77.3    78.4    76.2    77.1    76.7    77.2    75.9    77.5
    75.4    76.6    74.8    76.7    77.1    76.3    76.2    76.8    78.5    79.9
    78.0    78.5    78.4    78.4    77.0    78.2    76.4    76.8    75.3    76.7
    76.0    76.8    76.5    77.3    76.7    76.0    76.3    77.5    77.7    79.1
    78.0    79.2    77.8    78.2    77.9    79.0    79.1    81.4    80.1    82.6
    84.7    87.8    89.2    93.4    98.7   102.6   101.9   105.1   104.7   106.9
   104.5   104.2   101.0    98.8    94.4    92.9    89.9    90.7    92.3    94.0
    97.9   101.2   104.2   109.6   114.2   119.4   126.2   129.6   131.2   131.7
   128.1   125.0   118.9   111.3   101.7    95.3    91.6    87.3    83.9    82.0
    80.7    79.6    78.8    78.5    77.4    77.1    78.6    78.7    79.8    79.5
    79.1    78.7    77.8    78.2    78.0    79.1    77.7    79.8    77.8    78.3
    79.6    79.7    79.3    80.3    74.5    75.9    75.7    77.5    76.1    76.6
    77.8    77.9    77.8    78.7    78.8    79.0    77.8    79.0    80.7    80.5
    80.8    81.7    79.5    81.4    80.7    81.4    79.8    80.0    78.8    78.1
    77.8    78.5    77.1    76.6    75.2    75.5    76.9    77.2    77.6    77.7
    75.7    76.8    75.7    76.4    77.0    77.1    75.9    77.0    75.3    76.1
    75.8    76.7    75.3    76.6    75.7    76.9    75.5    76.9    74.9    75.4
    75.1    76.8    75.7    75.2    76.7    76.1    75.7    77.0    75.4    76.4
    75.7    77.4    77.9    78.5    77.7    78.9    78.0    77.5    77.3    78.1
    77.7    78.0    77.5    77.9    77.4    78.1    75.9    76.7    76.3    76.1
    75.6    76.3    76.2    75.9    75.2    76.0    76.4    77.2    76.4    76.0
    77.5    77.7    76.9    76.8    77.4    78.4    77.6    77.0    78.1    78.7
    77.1    77.3    77.7    78.4    78.9    79.0    79.7    80.3    83.0    83.5
    83.0    84.0    86.1    86.1    85.6    84.1    84.4    83.9    83.3    82.3
    81.1    81.4    75.3    74.8    76.0    77.1    76.5    76.7    78.1    78.4
    77.1    77.1    77.5    78.0    78.9    78.8    77.2    77.8    77.7    78.0
    75.3    76.8    77.0    77.7    75.0    76.6    76.7    76.8    76.9    76.4
    75.3    75.8    75.1    74.2    77.7    77.5    77.0    77.8    76.0    77.0
    75.2    76.4    75.5    76.1    74.9    75.8    76.2    75.4    73.9    75.2
    75.9    76.3    76.1    77.0    74.6    74.6    76.5    76.2    75.7    76.5
    74.6    75.9    75.7    75.9    76.3    77.2    77.1    77.5    75.6    76.9
    75.9    76.3    76.0    77.5    76.3    76.4    75.4    76.1    77.4    76.8
    76.0    77.7    78.5    80.7    80.8    82.6    83.4    85.3    85.5    88.1
    87.5    88.5    86.0    84.6    84.1    83.4    84.2    83.9    84.3    84.9
    84.0    85.4    87.3    88.5    89.7    90.4    91.1    90.5    89.8    90.1
    89.2    90.2    90.7    90.0    88.8    88.7    86.6    85.7    86.0    86.2
    85.9    85.5    85.3    86.5    85.5    86.8    85.9    84.7    84.9    85.6
    80.5    81.4    79.9    79.7    79.0    80.8    80.3    80.4    80.1    80.6
    82.7    84.4    82.1    84.9    86.9    90.1    91.8    95.6    98.1    98.9
    98.2    99.1    94.3    94.6    90.2    88.6    85.8    84.6    81.8    80.8
    79.4    80.3    80.2    81.3    81.2    81.1    79.6    79.2    79.0    79.6
    79.3    79.8    80.6    82.1    81.1    82.8    85.3    88.5    91.0    94.7
    97.6   104.8   110.2   118.1   122.7   130.3   134.3   138.8   139.2   142.0
   138.3   135.6   127.8   123.7   118.8   115.4   112.4   112.9   115.2   120.1
   122.7   130.1   137.8   144.3   147.4   151.2   149.7   149.1   143.6   140.9
   138.0   136.5   136.5   140.5   147.8   156.5   165.2   176.7   189.9   201.9
   205.4   212.3   212.5   209.8   202.6   190.8   175.6   161.4   144.1   132.2
   122.1   114.7   108.7   106.2   105.0   103.9   104.1   104.2   105.1   106.2
   107.5   108.3   106.7   105.8   107.2   108.2   110.3   113.1   110.7   113.5
   114.4   115.7   117.4   118.7   119.3   120.9   122.7   124.9   123.3   130.5
   139.3   149.0   157.4   164.2   165.3   165.8   156.5   151.0   139.9   129.8
   117.5   111.0   103.4   100.3    98.5    98.1    96.1    97.3    97.8    98.7
    97.0    99.0    95.5    96.5    93.0    91.2    89.8    90.9    88.8    88.6
    90.2    92.0    90.6    92.4    90.6    92.1    92.1    92.5    90.0    91.1
    89.3    90.6    87.1    86.9    84.3    86.0    84.4    85.3    84.5    83.4
    84.4    85.6    84.7    86.3    86.5    88.3    88.4    90.7    91.8    94.7
    97.2   101.2   102.2   105.5   106.6   110.7   111.3   112.1   108.8   107.4
   104.9   100.4    94.4    91.5    89.2    87.6    82.7    83.4    81.7    81.5
    82.0    82.2    79.9    81.5    80.2    79.7    79.7    80.0    80.6    80.7
    77.3    78.7    79.2    79.5    79.8    79.7    80.3    81.2    81.7    81.4
    80.6    80.7    81.8    81.5    81.8    82.2    81.5    81.3    84.8    85.6
    86.0    88.3    88.6    90.2    90.6    90.3    92.0    91.0    90.0    89.8
    90.1    90.2    91.4    91.5    90.3    90.7    86.4    87.1    88.8    89.8
    90.3    91.0    87.5    88.4    86.3    86.9    84.0    84.0    82.7    82.9
    79.9    80.4    79.6    79.8    79.1    79.7    78.6    78.8    78.9    78.7
    78.1    78.0    77.1    79.0    76.9    78.4    77.6    77.7    79.6    81.2
    79.9    81.7    80.0    82.0    80.8    80.6    79.7    79.3    80.5    79.5
    79.0    79.9    81.3    83.8    82.0    84.4    85.5    87.6    86.9    88.1
    85.8    86.6    83.2    83.5    82.3    83.1    79.6    79.9    80.4    81.2
    80.3    82.3    82.9    84.7    86.6    88.3    88.0    88.9    88.9    87.9
    84.1    83.7    81.3    81.0    79.1    78.6    76.9    77.5    77.4    78.2
    77.0    78.3    77.3    79.1    78.3    80.4    81.7    83.6    84.5    86.7
    90.4    91.8    92.9    93.4    93.6    93.4    91.0    91.1    90.2    89.8
    88.1    88.2    87.0    86.6    86.9    86.1    87.9    88.7    87.2    89.2
    89.8    91.1    94.0    95.6    95.6    96.0    95.1    95.2    96.3    96.8
    99.7   101.1   100.9   102.7   100.4    99.5    98.5    97.6    95.7    93.1
    88.0    87.6    84.1    83.7    82.1    81.8    80.4    80.8    79.6    80.5
    80.7    80.6    78.7    79.2    78.3    78.5    77.2    78.2    77.5    77.6
    76.7    76.6    76.8    76.6    75.7    76.8    77.0    77.4    75.6    77.5
    76.2    76.0    77.9    76.6    75.5    76.7    76.1    77.8    76.9    78.1
    76.7    77.3    77.6    79.0    76.6    77.9    77.4    79.2    82.1    83.6
    82.4    85.3    83.9    85.9    85.1    85.4    84.8    84.2    85.5    84.2
    81.0    81.0    80.8    81.4    80.1    80.7    79.2    79.3    78.7    79.8
    81.4    83.0    82.4    83.2    83.4    84.6    85.2    85.0    82.6    83.4
    82.9    83.4    82.2    81.1    80.5    81.0    80.5    81.7    82.2    81.9
    81.0    81.0    81.4    81.2    80.6    80.6    79.7    80.3    81.7    80.8
    80.3    82.3    83.6    84.4    85.5    87.8    88.0    91.2    93.2    94.7
    96.5    98.3   102.1   104.0   108.7   109.3   109.7   110.0   114.2   113.3
   110.2   108.6   100.9    98.6    97.5    96.9    97.8    98.5    97.7   100.7
   102.7   105.0   103.5   105.4   106.7   106.8   107.1   107.8   108.0   112.9
   114.6   119.2   118.8   122.4   122.6   124.2   121.4   120.4   116.9   114.6
   110.7   108.9   105.9   106.1   105.2   106.3   104.8   105.0   104.5   105.1
    99.6    99.0    96.0    95.1    94.8    96.7    94.2    97.0    98.6   101.0
   102.2   103.1   104.1   107.3   107.3   109.3   111.2   114.4   114.4   117.2
   118.2   119.8   117.0   118.4   114.0   112.6   107.9   105.9   101.6    98.3
    94.7    93.6    89.8    88.3    87.1    87.9    87.7    88.7    88.0    89.4
    89.7    91.4    90.6    92.7    91.7    90.6    87.6    87.1    85.3    84.4
    82.9    82.6    85.0    85.7    82.0    83.3    85.7    85.8    85.9    87.5
    90.3    91.3    93.3    95.1    97.7    99.9   103.0   105.6   105.9   108.3
   106.7   106.0   104.9   103.1    99.8    98.4    96.3    95.3    95.5    95.0
    92.0    92.8    94.0    94.8    96.5    97.6    99.6   100.3   100.4   101.5
    96.9    99.1   101.4   102.4   100.5   100.6    99.9    99.5    95.8    95.6
    95.5    93.5    90.6    90.2    87.5    87.4    87.2    86.9    85.1    86.4
    84.0    85.1    84.8    86.9    85.2    85.6    84.5    86.2    84.9    86.5
    86.0    88.2    89.7    91.5    90.4    94.6    97.2   102.3   105.1   112.1
   122.5   132.3   142.6   154.4   162.9   172.0   176.1   181.0   178.3   176.0
   168.5   160.9   149.0   141.9   132.3   128.0   120.4   117.6   114.6   113.3
   108.8   107.3   102.3   101.5   100.0    99.2    95.2    94.5    92.4    90.5
    90.4    89.7    88.4    87.5    84.8    86.3    85.0    86.5    86.1    86.2
    84.2    85.8    85.5    86.4    85.3    87.0    85.5    87.6    89.7    91.9
    95.7    98.8   101.2   107.1   112.6   118.6   121.3   126.3   133.4   134.5
   136.5   133.7   127.5   122.4   115.6   110.8   105.5   103.1   101.1   100.8
   100.4   100.7    99.3    99.2    99.0    98.4    98.3    97.1    94.3    93.7
    94.6    93.4    93.2    92.7    94.0    95.0    94.9    94.7    91.3    94.7
    96.0    98.0    99.3   100.0    99.2    99.4    97.1    96.7    95.4    95.8
    92.0    91.7    90.2    89.3    84.5    84.8    86.5    86.7    85.5    86.3
    82.1    83.1    81.9    82.2    81.4    81.8    81.7    82.7    80.9    82.3
    84.4    85.3    83.4    84.5    84.5    83.8    84.4    86.2    86.0    86.3
    84.4    84.7    83.3    83.2    82.1    82.8    80.9    80.5    79.5    80.7
    80.0    80.2    79.7    79.3    79.0    80.1    80.0    82.0    79.8    82.0
    80.5    81.8    82.1    81.7    81.6    82.1    83.4    83.7    83.8    85.3
    83.7    86.0    84.8    86.5    87.5    89.5    88.8    91.8    94.5    97.4
    98.6   101.8   100.0   102.6   102.9   102.6   101.9   101.0    98.0    96.8
    95.6    95.5    93.4    91.2    91.0    89.1    88.9    88.7    91.6    89.5
    87.5    88.0    88.4    87.7    88.8    88.9    88.1    88.3    87.2    87.5
    88.4    89.0    87.7    87.1    87.3    87.6    88.6    88.5    89.2    89.2
    89.9    90.1    92.3    92.4    91.6    92.1    87.3    89.7    88.1    90.4
    91.1    93.9    93.7    96.9    97.0    98.9   100.7   100.6    99.5   100.6
    96.6    97.3    95.7    96.4    97.3    98.2    99.1   102.4   102.8   107.0
   107.9   112.1   112.6   114.0   113.3   114.7   113.2   112.6   109.0   107.7
   103.2   102.5    97.9    98.4    95.9    94.8    91.2    91.3    90.0    90.3
    87.6    86.9    86.9    86.2    86.3    86.7    84.1    85.0    83.7    85.2
    83.3    84.7    83.7    84.9    85.0    87.0    85.0    87.7    88.8    91.7
    93.3    95.9    97.0   100.1   102.9   105.2   106.4   108.5   105.3   105.3
   102.9   101.5    98.5    97.7    95.6    95.8    93.2    94.7    94.6    94.9
    95.2    97.0    97.6    99.5   100.2   102.7   102.1   103.5   104.4   107.0
   110.0   112.9   114.9   117.5   120.7   123.8   124.6   126.5   128.3   128.5
   127.5   126.5   126.1   124.0   121.6   121.5   120.3   120.7   120.7   119.1
   118.4   116.5   115.9   113.8   110.3   106.8   104.5   100.3    98.7    97.0
    96.0    94.4    94.9    93.1    90.5    90.4    87.1    89.1    89.3    90.4
    89.1    91.5    91.3    92.5    92.9    94.3    95.7    96.9    97.4    97.7
    97.1    97.6    98.0    98.8    95.6    96.1    94.6    94.6    91.9    93.4
    91.3    92.3    92.0    93.6    92.2    93.2    96.4    96.5    96.4    97.2
    94.0    93.9    92.5    91.2    89.6    89.9    86.2    86.3    86.6    88.7
    84.5    85.1    83.6    84.9    84.4    85.3    84.3    84.6    84.4    86.6
    86.4    87.5    86.7    88.8    86.3    87.5    87.7    89.7    89.6    90.2
    91.1    91.6    89.5    89.9    89.2    89.4    88.6    89.8    88.6    90.4
    87.5    89.1    89.1    89.6    88.3    88.7    87.0    87.9    87.9    88.6
    85.9    87.2    86.5    88.1    86.3    86.9    88.7    90.0    91.2    90.3
    91.6    91.7    91.0    91.5    90.3    89.9    88.2    87.6    88.3    86.5
    85.2    85.4    85.2    84.9    84.7    83.5    83.1    83.0    83.8    83.0
    84.4    83.9    84.9    87.0    86.4    87.8    87.8    87.7    90.9    91.7
    94.7    95.4    89.3    90.9    91.8    92.8    92.9    93.9    93.2    94.8
    95.3    94.9    92.1    93.1    91.4    90.5    90.1    90.8    87.3    87.2
    85.4    84.9    86.2    87.0    83.4    83.8    83.4    84.7    82.8    84.9
    84.2    85.2    81.8    82.4    84.8    84.4    82.9    82.8    82.2    82.2
    81.9    82.3    78.9    80.0    81.7    83.3    79.5    80.7    80.6    81.6
    80.2    82.1    80.1    80.4    82.2    82.1    82.4    83.3    83.3    85.1
    85.0    85.9    84.8    86.0    85.0    86.9    88.5    89.7    89.6    91.7
    92.0    94.0    93.4    94.4    94.6    95.4    93.7    94.0    94.6    93.8
    90.7    91.5    87.9    89.0    86.9    87.3    85.9    86.8    84.9    86.1
    84.1    84.4    84.1    85.1    81.7    82.9    82.7    82.0    83.3    83.0
    82.2    82.1    80.8    81.4    80.6    81.5    81.2    81.3    82.0    81.4
    82.7    82.7    82.5    83.6    84.4    84.2    84.3    84.7    84.6    86.4
    85.5    85.5    86.2    86.8    88.9    89.2    88.6    88.1    86.1    87.1
    84.1    84.4    87.1    88.2    88.1    88.8    89.6    89.4    89.8    90.8
    88.8    89.8    89.5    89.2    89.7    89.6    87.2    88.7    88.7    90.0
    88.3    90.0    88.2    89.9    91.2    92.3    93.3    95.4    94.1    94.7
    94.9    96.2    97.3    98.4    95.0    95.4    94.5    94.1    93.3    93.1
    90.3    91.1    89.6    89.3    89.9    90.1    88.8    89.1    89.5    90.7
    91.2    92.1    90.5    92.0    93.6    95.8    95.3    97.4    99.1   101.7
   103.7   104.7   104.0   105.4   101.1   103.8   101.3   101.3    99.3    98.4
    95.9    96.8    94.9    94.0    89.4    89.0    89.5    90.1    87.4    87.7
    86.3    87.6    86.9    87.1    85.7    87.3    86.8    88.1    89.3    90.9
    90.3    92.6    92.5    94.4    97.0    97.1    98.7    99.3    98.6    98.3
    99.7    98.5    98.7    98.2    97.2    96.8    97.2    97.9    97.2    99.2
   100.0    99.8   101.3   101.8   101.1   101.8   103.1   102.3   101.7   100.8
   100.8    99.5    98.6    98.0    97.1    96.1    96.2    95.3    86.8    87.3
    89.0    90.0    87.9    89.2    89.1    90.2    87.3    90.7    89.2    91.0
    91.2    92.6    92.9    95.4    93.7    95.7    97.9    99.5    99.2   100.4
   100.0   100.2    99.0   100.4    98.5    98.6    96.4    96.9    96.9    95.6
    96.5    97.5    95.8    96.8    95.7    97.3    96.6    98.0    95.9    98.4
    97.9    99.5    99.1   100.5   101.6   103.7   103.9   105.3   104.3   105.8
   104.1   102.8   101.3   101.3   100.1   100.6    98.1    98.4    95.7    95.1
    94.2    94.1    91.6    92.3    90.4    90.9    88.5    89.2    87.8    88.8
    86.8    88.6    87.3    88.3    88.0    87.7    88.9    89.2    87.3    88.8
    86.6    88.6    87.2    88.2    86.5    86.7    89.0    89.9    86.6    87.2
    87.9    88.5    88.8    88.9    90.7    89.9    89.4    89.3    91.4    90.9
    90.3    90.8    89.8    89.7    89.4    89.4    89.3    89.5    88.6    89.2
    87.3    86.8    86.1    86.0    87.7    87.1    85.5    85.4    85.4    85.8
    86.4    86.9    86.1    87.0    87.6    87.6    85.4    86.6    86.7    87.0
    87.6    87.5    87.9    88.0    88.8    89.4    88.6    89.4    86.8    88.2
    87.1    88.3    86.3    87.1    85.6    86.0    84.1    85.3    83.6    83.9
    84.0    84.9    83.7    84.5    82.3    82.2    81.0    81.7    84.7    85.7
    84.6    85.5    85.1    85.1    82.9    84.1    82.4    83.5    83.4    83.9
    83.0    83.9    83.4    84.3    82.5    85.2    85.0    85.2    84.2    85.8
    83.7    85.1    84.0    84.3    84.7    85.7    84.8    86.0    83.2    83.4
    84.8    85.0    82.5    82.5    82.9    84.0    81.0    81.8    81.8    83.2
    83.2    83.5    81.4    82.9    81.4    83.7    82.3    82.6    82.7    83.6
    81.3    82.2    82.8    82.5    82.3    82.9    82.8    83.5    81.7    82.1
    83.0    82.5    82.6    82.6    83.0    81.6    82.1    82.5    83.0    82.7
    83.9    83.8    82.8    83.7    84.2    84.7    84.5    84.5    83.2    82.4
    84.7    84.9    84.2    84.0    84.9    84.2    83.6    83.6    85.2    85.3
    85.2    84.7    87.8    87.3    79.7    80.5    82.7    84.1    82.8    85.0
    85.5    86.4    84.8    86.1    85.4    86.5    85.5    87.3    86.4    86.9
    87.1    87.7    86.8    88.7    87.5    87.8    87.8    88.4    86.9    89.8
    87.7    89.6    88.8    90.5    89.7    92.2    94.0    95.2    95.9    97.1
    95.3    96.8    98.2    99.4    98.7    99.2    99.7   100.8    99.3    99.9
    99.7   100.2    98.5    99.3    97.7    98.3    95.2    94.7    95.9    95.6
    92.8    92.9    92.3    92.3    88.8    89.7    89.6    90.7    88.5    89.0
    87.4    88.7    88.7    88.9    87.7    89.2    87.2    88.5    88.3    88.7
    87.7    89.8    87.5    87.3    89.8    90.5    91.6    91.1    90.1    91.0
    90.2    91.2    89.9    91.0    89.9    89.4    88.8    88.5    90.8    90.2
    88.6    87.1    87.4    85.9    86.8    87.3    84.4    84.1    84.1    84.7
    83.5    84.6    84.3    84.4    85.3    85.8    86.0    86.6    84.7    85.8
    87.1    88.3    87.0    87.6    86.6    87.6    89.3    90.8    90.1    90.0
    92.7    93.6    90.6    92.0    95.7    96.8    98.5   101.4   100.8   102.7
   101.7   103.7   105.2   106.4   105.5   106.8   105.2   106.5   103.3   103.6
   103.0   101.9    98.6    99.1    96.9    97.5    95.4    95.9    94.7    95.7
    93.6    93.8    91.4    93.5    94.4    95.1    94.5    95.4    94.6    94.5
    94.0    93.0    91.8    92.2    91.7    92.1    90.6    91.0    88.9    89.6
    89.0    89.2    88.3    89.7    88.8    89.5    88.8    90.7    89.8    91.0
    91.1    92.4    93.2    96.3    95.1    96.3    96.8    96.7    95.8    95.4
    94.9    95.2    94.2    94.6    93.5    93.7    91.3    91.7    91.1    91.8
    89.5    88.6    89.1    88.6    88.8    89.5    90.6    91.0    90.7    92.2
    91.6    92.6    91.3    92.2    92.4    94.0    95.7    96.0    96.4    97.5
    99.7    99.2    99.6    99.4    98.5    99.3    98.6    98.1    99.4    98.4
    97.4    96.6    96.1    95.8    92.9    92.1    91.5    89.8    91.8    91.1
    90.5    89.2    88.9    87.8    90.2    89.7    88.3    88.0    89.2    89.9
    83.6    85.2    86.4    87.1    85.9    87.7    86.5    86.7    87.0    88.4
    88.4    89.2    89.5    90.1    90.0    89.5    90.3    90.1    89.6    90.8
    89.1    89.1    87.7    89.0    88.4    89.6    87.6    88.8    87.4    89.4
    86.6    87.4    88.7    89.6    89.5    89.3    87.9    88.9    87.3    87.6
    86.9    88.6    87.1    89.2    88.7    90.7    87.7    88.5    88.3    90.8
    89.4    91.1    89.4    90.4    91.1    90.9    90.5    91.9    90.1    91.7
    90.5    91.6    91.1    90.4    89.6    90.0    90.3    91.0    90.0    91.3
    89.9    91.1    89.8    89.5    88.7    89.4    88.6    88.6    88.0    89.8
    88.7    89.9    87.9    89.1    86.6    87.1    87.9    89.1    88.2    89.6
    88.9    90.3    87.2    88.2    88.7    89.1    88.8    89.0    88.7    88.7
    88.9    89.2    90.4    90.3    90.3    90.2    91.6    91.3    90.7    90.7
    91.1    91.2    91.3    90.0    89.6    90.1    91.5    91.1    91.0    91.0
    92.9    91.3    91.1    91.6    91.3    92.1    90.4    90.8    87.5    86.9
    89.2    90.6    88.6    89.0    89.2    89.0    88.0    89.5    89.4    89.3
    86.3    87.0    88.0    89.5    86.8    88.1    86.5    86.2    86.8    87.7
    86.1    86.2    85.6    85.8    84.4    84.4    84.2    85.5    83.6    85.2
    86.1    86.9    86.5    87.6    86.0    86.5    85.8    86.5    87.7    87.6
    86.0    86.8    85.4    86.6    85.8    87.3    86.5    86.7    87.0    87.8
    85.9    86.8    87.2    87.2    87.4    89.0    88.0    88.5    86.8    87.1
    84.9    85.5    86.6    86.8    85.2    87.0    86.8    86.7    85.9    86.8
    85.0    86.3    85.7    85.5    85.4    85.8    84.8    85.2    84.4    84.8
    86.0    85.9    84.8    85.8    84.4    84.7    83.2    84.4    86.4    87.2
    83.9    85.2    85.5    86.1    85.8    85.9    85.4    84.9    85.3    85.8
    85.5    85.9    85.6    86.0    86.0    87.0    87.6    87.2    88.2    88.5
    89.1    88.4    89.6    89.5    89.9    90.0    90.1    89.9    89.9    91.2
    92.3    91.4    91.5    92.1    93.3    92.4    89.2    90.9    90.1    91.5
    90.8    92.1    89.9    90.3    89.9    91.3    91.0    92.4    92.0    93.5
    91.1    92.3    90.3    92.0    90.7    92.3    91.9    92.4    89.9    92.1
    90.6    91.7    89.5    90.7    88.2    89.3    87.6    88.5    91.1    92.6
    89.0    90.0    88.4    89.1    89.2    90.7    89.3    90.3    90.2    91.1
    91.9    93.6    91.3    92.3    92.0    92.4    91.3    93.5    92.0    94.3
    95.4    96.7    96.1    96.8    96.2    96.3    95.9    97.6    97.6    99.5
    97.0    98.0    97.6   100.3    97.8    99.8    98.9    99.3    98.7    99.9
    98.8    99.1    99.5   100.6    97.6    99.1    98.6    99.5    98.4    98.4
    96.4    96.8    97.9    98.9    96.0    98.1    97.2    98.0    97.4    96.9
    97.2    98.0    95.5    94.8    96.3    95.8    95.7    96.7    94.8    94.1
    94.7    93.6    94.4    94.4    95.6    94.2    93.9    93.9    94.4    95.1
    92.6    93.4    93.7    94.0    94.3    94.9    95.8    94.4    95.6    95.2
    95.5    95.5    94.1    95.4    90.2    90.8    91.2    92.2    92.7    91.9
    92.7    93.1    93.0    93.2    92.9    93.5    91.8    92.8    92.5    93.8
    92.7    93.7    92.0    93.6    91.6    94.1    92.1    93.3    91.9    91.9
    90.7    92.4    89.9    90.8    90.1    91.4    93.3    94.8    92.6    94.8
    93.8    94.1    93.2    93.2    92.0    91.9    92.3    93.7    91.1    92.2
    92.3    93.4    93.2    94.0    93.3    94.2    93.8    95.4    91.6    93.9
    94.1    94.3    94.5    95.7    93.1    92.7    93.8    94.8    94.2    95.1
    95.3    95.4    95.0    96.3    95.1    96.6    97.3    98.0    96.6    96.7
    97.1    98.1    98.7    98.6    96.8    98.5    99.5   100.2    99.4    99.9
   101.1   101.4    99.8   102.8   100.3   102.6   100.5   101.1   102.9   103.3
   104.2   104.0   101.9   101.5   103.1   103.1   103.0   103.1   102.0   101.1
   102.6   101.4   102.0   101.5   101.0   101.2   101.4   101.5    99.6   100.4
   102.0   102.3   100.9   100.6   101.0   100.0    98.8    99.0    99.6    99.9
   101.1   100.5    96.6    96.8    95.9    96.8    95.1    96.1    95.2    96.7
    94.3    95.1    93.4    95.1    92.9    94.0    92.8    93.6    92.2    91.7
    92.2    94.9    89.7    90.7    91.1    91.0    89.3    91.7    89.6    90.9
    90.5    92.0    88.5    88.9    91.1    92.6    89.9    91.4    90.3    91.3
    90.4    90.9    88.3    88.9    90.4    91.1    90.3    91.4    89.5    90.4
    89.3    90.0    89.3    89.2    88.9    88.4    89.8    89.4    89.3    89.7
    87.4    89.4    93.1    95.0    87.9    90.5    88.6    90.0    90.7    90.0
    88.5    89.8    89.0    90.0    89.6    90.5    89.9    90.6    91.6    90.9
    89.2    90.5    89.0    90.3     4.3     4.3    93.0    92.8    93.7    93.8
    91.6    93.3    93.7    95.6    94.6    94.7    95.0    94.3    94.2    93.4
    96.0    96.1    95.5    95.8    97.8    96.2    95.9    95.5    97.5    97.2
    97.7    97.9    98.5    97.8    96.4    97.4    98.2    98.0    96.7    96.6
    95.9    96.3    96.8    96.9    94.5    94.8    96.0    95.8    89.5    89.7
 Filelist='HRPT/2001/2455-2490'
 a4=2.947 3.; Numor=2455 2490; Npkt=1600; owner='guenee'
  bMon=0.; pMon=62571476. 74117504.; muR=0.; sMon=1000000.
