Date+time(number) TEI- 42C-366-Nox SO2-TEI-367 CO2, raw Diff CO2_raw-MA
41110,0001736 0,29 -0,75 390,05
41110,0003472 0,26 -1,13 390,05
41110,0005208 0,3 0,21 390,05
41110,0006944 0,3 0,21 389,91
41110,0008681 0,29 -1 389,91
41110,0010417 0,21 0,07 389,91
41110,0012153 0,19 -0,6 389,91
41110,0013889 0,19 -0,6 389,77
41110,0015625 0,27 -0,14 389,77
41110,0017361 0,29 -1,13 389,77
41110,0019097 0,24 -0,31 389,77
41110,0020833 0,24 -0,31 390,01
41110,0022569 0,18 -1,24 390,01 0,151428571
41110,0024306 0,19 -0,52 390,01 0,137142857
41110,0026042 0,19 -0,39 390,01 0,102857143
41110,0027778 0,19 -0,39 390,01 0,068571429
41110,0029514 0,18 -0,81 390,01 0,034285714
41110,0031250 0,17 -0,72 390,01 0
41110,0032986 0,21 -0,38 390,01 0
